import time
import math

sod = [3, 4, 0, 7, 1, 0, 0, 5, 8,
       0, 9, 0, 0, 0, 6, 0, 0, 0,
       7, 0, 2, 0, 5, 0, 3, 0, 4,
       4, 3, 9, 0, 0, 1, 7, 0, 0,
       0, 0, 5, 0, 0, 0, 8, 0, 0,
       0, 0, 7, 3, 0, 0, 1, 4, 6,
       2, 0, 1, 0, 8, 0, 4, 0, 9,
       0, 0, 0, 5, 0, 0, 0, 1, 0,
       6, 7, 0, 0, 4, 9, 0, 0, 2]

arrc1 = [0, 1, 2, 3, 4, 5, 6, 7, 8, 0, 1, 2, 3, 4, 5, 6, 7, 8, 0, 1, 2, 3, 4, 5, 6, 7, 8, 0, 1, 2, 3, 4, 5, 6, 7, 8, 0, 1, 2, 3, 4, 5, 6, 7, 8, 0, 1, 2, 3, 4, 5, 6, 7, 8, 0, 1, 2, 3, 4, 5, 6, 7, 8, 0, 1, 2, 3, 4, 5, 6, 7, 8, 0, 1, 2, 3, 4, 5, 6, 7, 8, 9, 10, 11, 12, 13, 14, 15, 16, 17, 9, 10, 11, 12, 13, 14, 15, 16, 17, 9, 10, 11, 12, 13, 14, 15, 16, 17, 9, 10, 11, 12, 13, 14, 15, 16, 17, 9, 10, 11, 12, 13, 14, 15, 16, 17, 9, 10, 11, 12, 13, 14, 15, 16, 17, 9, 10, 11, 12, 13, 14, 15, 16, 17, 9, 10, 11, 12, 13, 14, 15, 16, 17, 9, 10, 11, 12, 13, 14, 15, 16, 17, 18, 19, 20, 21, 22, 23, 24, 25, 26, 18, 19, 20, 21, 22, 23, 24, 25, 26, 18, 19, 20, 21, 22, 23, 24, 25, 26, 18, 19, 20, 21, 22, 23, 24, 25, 26, 18, 19, 20, 21, 22, 23, 24, 25, 26, 18, 19, 20, 21, 22, 23, 24, 25, 26, 18, 19, 20, 21, 22, 23, 24, 25,
         26, 18, 19, 20, 21, 22, 23, 24, 25, 26, 18, 19, 20, 21, 22, 23, 24, 25, 26, 27, 28, 29, 30, 31, 32, 33, 34, 35, 27, 28, 29, 30, 31, 32, 33, 34, 35, 27, 28, 29, 30, 31, 32, 33, 34, 35, 27, 28, 29, 30, 31, 32, 33, 34, 35, 27, 28, 29, 30, 31, 32, 33, 34, 35, 27, 28, 29, 30, 31, 32, 33, 34, 35, 27, 28, 29, 30, 31, 32, 33, 34, 35, 27, 28, 29, 30, 31, 32, 33, 34, 35, 27, 28, 29, 30, 31, 32, 33, 34, 35, 36, 37, 38, 39, 40, 41, 42, 43, 44, 36, 37, 38, 39, 40, 41, 42, 43, 44, 36, 37, 38, 39, 40, 41, 42, 43, 44, 36, 37, 38, 39, 40, 41, 42, 43, 44, 36, 37, 38, 39, 40, 41, 42, 43, 44, 36, 37, 38, 39, 40, 41, 42, 43, 44, 36, 37, 38, 39, 40, 41, 42, 43, 44, 36, 37, 38, 39, 40, 41, 42, 43, 44, 36, 37, 38, 39, 40, 41, 42, 43, 44, 45, 46, 47, 48, 49, 50, 51, 52, 53, 45, 46, 47, 48, 49, 50, 51, 52, 53, 45, 46, 47, 48, 49, 50, 51, 52, 53, 45, 46, 47, 48, 49, 50, 51, 52, 53, 45, 46, 47, 48, 49, 50, 51, 52, 53, 45, 46, 47, 48, 49, 50, 51, 52, 53, 45, 46, 47, 48, 49, 50, 51, 52, 53, 45, 46, 47, 48, 49, 50, 51, 52, 53, 45, 46, 47, 48, 49, 50, 51, 52, 53, 54, 55, 56, 57, 58, 59, 60,
         61, 62, 54, 55, 56, 57, 58, 59, 60, 61, 62, 54, 55, 56, 57, 58, 59, 60, 61, 62, 54, 55, 56, 57, 58, 59, 60, 61, 62, 54, 55, 56, 57, 58, 59, 60, 61, 62, 54, 55, 56, 57, 58, 59, 60, 61, 62, 54, 55, 56, 57, 58, 59, 60, 61, 62, 54, 55, 56, 57, 58, 59, 60, 61, 62, 54, 55, 56, 57, 58, 59, 60, 61, 62, 63, 64, 65, 66, 67, 68, 69, 70, 71, 63, 64, 65, 66, 67, 68, 69, 70, 71, 63, 64, 65, 66, 67, 68, 69, 70, 71, 63, 64, 65, 66, 67, 68, 69, 70, 71, 63, 64, 65, 66, 67, 68, 69, 70, 71, 63, 64, 65, 66, 67, 68, 69, 70, 71, 63, 64, 65, 66, 67, 68, 69, 70, 71, 63, 64, 65, 66, 67, 68, 69, 70, 71, 63, 64, 65, 66, 67, 68, 69, 70, 71, 72, 73, 74, 75, 76, 77, 78, 79, 80, 72, 73, 74, 75, 76, 77, 78, 79, 80, 72, 73, 74, 75, 76, 77, 78, 79, 80, 72, 73, 74, 75, 76, 77, 78, 79, 80, 72, 73, 74, 75, 76, 77, 78, 79, 80, 72, 73, 74, 75, 76, 77, 78, 79, 80, 72, 73, 74, 75, 76, 77, 78, 79, 80, 72, 73, 74, 75, 76, 77, 78, 79, 80, 72, 73, 74, 75, 76, 77, 78, 79, 80]

arrc2 = [0, 9, 18, 27, 36, 45, 54, 63, 72, 1, 10, 19, 28, 37, 46, 55, 64, 73, 2, 11, 20, 29, 38, 47, 56, 65, 74, 3, 12, 21, 30, 39, 48, 57, 66, 75, 4, 13, 22, 31, 40, 49, 58, 67, 76, 5, 14, 23, 32, 41, 50, 59, 68, 77, 6, 15, 24, 33, 42, 51, 60, 69, 78, 7, 16, 25, 34, 43, 52, 61, 70, 79, 8, 17, 26, 35, 44, 53, 62, 71, 80, 0, 9, 18, 27, 36, 45, 54, 63, 72, 1, 10, 19, 28, 37, 46, 55, 64, 73, 2, 11, 20, 29, 38, 47, 56, 65, 74, 3, 12, 21, 30, 39, 48, 57, 66, 75, 4, 13, 22, 31, 40, 49, 58, 67, 76, 5, 14, 23, 32, 41, 50, 59, 68, 77, 6, 15, 24, 33, 42, 51, 60, 69, 78, 7, 16, 25, 34, 43, 52, 61, 70, 79, 8, 17, 26, 35, 44, 53, 62, 71, 80, 0, 9, 18, 27, 36, 45, 54, 63, 72, 1, 10, 19, 28, 37, 46, 55, 64, 73, 2, 11, 20, 29, 38, 47, 56, 65, 74, 3, 12, 21, 30, 39, 48, 57, 66, 75, 4, 13, 22, 31, 40, 49, 58, 67, 76, 5, 14, 23, 32, 41, 50, 59, 68, 77, 6, 15, 24, 33, 42, 51, 60, 69, 78, 7, 16, 25, 34, 43, 52, 61, 70, 79, 8, 17, 26, 35, 44, 53, 62, 71, 80, 0, 9, 18, 27, 36, 45, 54, 63, 72, 1, 10, 19, 28, 37, 46, 55, 64, 73, 2, 11, 20, 29, 38, 47, 56, 65, 74, 3, 12, 21, 30, 39, 48, 57, 66, 75, 4, 13, 22, 31, 40, 49, 58, 67, 76, 5, 14, 23, 32, 41, 50, 59, 68, 77, 6, 15, 24, 33, 42, 51, 60, 69, 78, 7, 16, 25, 34, 43, 52, 61, 70, 79, 8, 17, 26, 35, 44, 53, 62, 71, 80, 0, 9, 18, 27, 36, 45, 54, 63, 72, 1, 10, 19, 28, 37, 46, 55, 64, 73, 2, 11, 20, 29, 38,
         47, 56, 65, 74, 3, 12, 21, 30, 39, 48, 57, 66, 75, 4, 13, 22, 31, 40, 49, 58, 67, 76, 5, 14, 23, 32, 41, 50, 59, 68, 77, 6, 15, 24, 33, 42, 51, 60, 69, 78, 7, 16, 25, 34, 43, 52, 61, 70, 79, 8, 17, 26, 35, 44, 53, 62, 71, 80, 0, 9, 18, 27, 36, 45, 54, 63, 72, 1, 10, 19, 28, 37, 46, 55, 64, 73, 2, 11, 20, 29, 38, 47, 56, 65, 74, 3, 12, 21, 30, 39, 48, 57, 66, 75, 4, 13, 22, 31, 40, 49, 58, 67, 76, 5, 14, 23, 32, 41, 50, 59, 68, 77, 6, 15, 24, 33, 42, 51, 60, 69, 78, 7, 16, 25, 34, 43, 52, 61, 70, 79, 8, 17, 26, 35, 44, 53, 62, 71, 80, 0, 9, 18, 27, 36, 45, 54, 63, 72, 1, 10, 19, 28, 37, 46, 55, 64, 73, 2, 11, 20, 29, 38, 47, 56, 65, 74, 3, 12, 21, 30, 39, 48, 57, 66, 75, 4, 13, 22, 31, 40, 49, 58, 67, 76, 5, 14, 23, 32, 41, 50, 59, 68, 77, 6, 15, 24, 33, 42, 51, 60, 69, 78, 7, 16, 25, 34, 43, 52,
         61, 70, 79, 8, 17, 26, 35, 44, 53, 62, 71, 80, 0, 9, 18, 27, 36, 45, 54, 63, 72, 1, 10, 19, 28, 37, 46, 55, 64, 73, 2, 11, 20, 29, 38, 47, 56, 65, 74, 3, 12, 21, 30, 39, 48, 57, 66, 75, 4, 13, 22, 31, 40, 49, 58, 67, 76, 5, 14, 23, 32, 41, 50, 59, 68, 77, 6, 15, 24, 33, 42, 51, 60, 69, 78, 7, 16, 25, 34, 43, 52, 61, 70, 79, 8, 17, 26, 35, 44, 53, 62, 71, 80, 0, 9, 18, 27, 36, 45, 54, 63, 72, 1, 10, 19, 28, 37, 46, 55, 64, 73, 2, 11, 20, 29, 38, 47, 56, 65, 74, 3, 12, 21, 30, 39, 48, 57, 66, 75, 4, 13, 22, 31, 40, 49, 58, 67, 76, 5,
         14, 23, 32, 41, 50, 59, 68, 77, 6, 15, 24, 33, 42, 51, 60, 69, 78, 7, 16, 25, 34, 43, 52, 61, 70, 79, 8, 17, 26, 35, 44, 53, 62, 71, 80]

arrc3 = [0, 1, 2, 9, 10, 11, 18, 19, 20, 0, 1, 2, 9, 10, 11, 18, 19, 20, 0, 1, 2, 9, 10, 11, 18, 19, 20, 3, 4, 5, 12, 13, 14, 21, 22, 23, 3, 4, 5, 12, 13, 14, 21, 22, 23, 3, 4, 5, 12, 13, 14, 21, 22, 23, 6, 7, 8, 15, 16, 17, 24, 25, 26, 6, 7, 8, 15, 16, 17, 24, 25, 26, 6, 7, 8, 15, 16, 17, 24, 25, 26, 0, 1, 2, 9, 10, 11, 18, 19, 20, 0, 1, 2, 9, 10, 11, 18, 19, 20, 0, 1, 2, 9, 10, 11, 18, 19, 20, 3, 4, 5, 12, 13, 14, 21, 22, 23, 3, 4, 5, 12, 13, 14, 21, 22, 23, 3, 4, 5, 12, 13, 14, 21, 22, 23, 6, 7, 8, 15, 16, 17, 24, 25, 26, 6, 7, 8, 15, 16, 17, 24, 25, 26, 6, 7, 8, 15, 16, 17, 24, 25, 26, 0, 1, 2, 9, 10, 11, 18, 19, 20, 0, 1, 2, 9, 10, 11, 18, 19, 20, 0, 1, 2, 9, 10, 11, 18, 19, 20, 3, 4, 5, 12, 13, 14, 21, 22, 23, 3, 4, 5, 12, 13, 14, 21, 22, 23, 3, 4, 5, 12, 13, 14, 21, 22, 23, 6, 7, 8, 15, 16, 17, 24, 25, 26, 6, 7, 8, 15, 16, 17, 24, 25, 26, 6, 7, 8, 15, 16, 17, 24, 25, 26, 27, 28, 29, 36, 37, 38, 42, 43, 44, 27, 28, 29, 36, 37, 38, 42, 43, 44, 27, 28, 29, 36, 37, 38, 42, 43, 44, 30, 31, 32, 39, 40, 41, 45, 46, 47, 0, 1, 2, 9, 10, 11, 18, 19, 20, 0, 1, 2, 9, 10, 11, 18, 19, 20, 0, 1, 2, 9, 10, 11, 18, 19, 20, 27, 28, 29, 36, 37, 38, 45, 46, 47, 27, 28, 29, 36, 37, 38, 45, 46, 47, 27, 28, 29, 36, 37, 38, 45, 46, 47, 54, 55, 56, 63, 64, 65, 72, 73, 74, 54, 55, 56, 63, 64, 65, 72, 73, 74, 54, 55, 56, 63, 64, 65, 72, 73, 74, 0, 1,
         2, 9, 10, 11, 18, 19, 20, 0, 1, 2, 9, 10, 11, 18, 19, 20, 0, 1, 2, 9, 10, 11, 18, 19, 20, 27, 28, 29, 36, 37, 38, 45, 46, 47, 27, 28, 29, 36, 37, 38, 45, 46, 47, 27, 28, 29, 36, 37, 38, 45, 46, 47, 54, 55, 56, 63, 64, 65, 72, 73, 74, 54, 55, 56, 63, 64, 65, 72, 73, 74, 54, 55, 56, 63, 64, 65, 72, 73, 74, 0, 1, 2, 9, 10, 11, 18, 19, 20, 0, 1, 2, 9, 10, 11, 18, 19, 20, 0, 1, 2, 9, 10, 11, 18, 19, 20, 27, 28, 29, 36, 37, 38, 45, 46, 47, 27, 28, 29, 36, 37, 38, 45, 46, 47, 27, 28, 29, 36, 37, 38, 45, 46, 47, 54, 55, 56, 63, 64, 65, 72,
         73, 74, 54, 55, 56, 63, 64, 65, 72, 73, 74, 54, 55, 56, 63, 64, 65, 72, 73, 74, 3, 4, 5, 12, 13, 14, 21, 22, 23, 3, 4, 5, 12, 13, 14, 21, 22, 23, 3, 4, 5, 12, 13, 14, 21, 22, 23, 30, 31, 32, 39, 40, 41, 48, 49, 50, 30, 31, 32, 39, 40, 41, 48, 49, 50, 30, 31, 32, 39, 40, 41, 48, 49, 50, 57, 58, 59, 66, 67, 68, 75, 76, 77, 57, 58, 59, 66, 67, 68, 75, 76, 77, 57, 58, 59, 66, 67, 68, 75, 76, 77, 3, 4, 5, 12, 13, 14, 21, 22, 23, 3, 4, 5, 12, 13, 14, 21, 22, 23, 3, 4, 5, 12, 13, 14, 21, 22, 23, 30, 31, 32, 39, 40, 41, 48, 49, 50, 30, 31,
         32, 39, 40, 41, 48, 49, 50, 30, 31, 32, 39, 40, 41, 48, 49, 50, 57, 58, 59, 66, 67, 68, 75, 76, 77, 57, 58, 59, 66, 67, 68, 75, 76, 77, 57, 58, 59, 66, 67, 68, 75, 76, 77, 3, 4, 5, 12, 13, 14, 21, 22, 23, 3, 4, 5, 12, 13, 14, 21, 22, 23, 3, 4, 5, 12, 13, 14, 21, 22, 23, 30, 31, 32, 39, 40, 41, 48, 49, 50, 30, 31, 32, 39, 40, 41, 48, 49, 50, 30, 31, 32, 39, 40, 41, 48, 49, 50, 57, 58, 59, 66, 67, 68, 75, 76, 77, 57, 58, 59, 66, 67, 68, 75, 76, 77, 57, 58, 59, 66, 67, 68, 75, 76, 77, 6, 7, 8, 15, 16, 17, 24, 25, 26, 6, 7, 8, 15, 16, 17, 24, 25, 26, 6, 7, 8, 15, 16, 17, 24, 25, 26, 33, 34, 35, 42, 43, 44, 51, 52, 53, 33, 34, 35, 42, 43, 44, 51, 52, 53, 33, 34, 35, 42, 43, 44, 51, 52, 53, 60, 61, 62, 69, 70, 71, 78, 79, 80, 60, 61, 62, 69, 70, 71, 78, 79, 80, 60, 61, 62, 69, 70, 71, 78, 79, 80, 6, 7, 8, 15, 16, 17, 24, 25, 26, 6, 7, 8, 15, 16, 17, 24, 25, 26, 6, 7, 8, 15, 16, 17, 24, 25, 26, 33, 34, 35, 42, 43, 44, 51, 52, 53, 33, 34, 35, 42, 43, 44, 51, 52, 53, 33, 34, 35, 42, 43, 44, 51, 52, 53, 60, 61, 62, 69, 70, 71, 78, 79, 80, 60, 61, 62, 69, 70, 71, 78, 79, 80, 60, 61, 62, 69, 70, 71, 78, 79, 80, 6, 7, 8, 15, 16, 17, 24, 25, 26, 6, 7, 8, 15, 16, 17, 24, 25, 26, 6, 7, 8, 15, 16, 17, 24, 25, 26, 33, 34, 35, 42, 43, 44, 51, 52, 53, 33, 34, 35, 42, 43, 44, 51, 52, 53, 33, 34, 35, 42, 43, 44, 51, 52, 53, 60, 61, 62, 69, 70, 71, 78, 79, 80, 60, 61, 62, 69, 70, 71, 78, 79, 80, 60, 61, 62, 69, 70, 71, 78, 79, 80]

r1 = range(81)
r2 = range(9)


def print_sod(sod):
    print("+-------+-------+-------+")
    for cy in range(3):
        for y in range(3):
            for cx in range(3):
                print("| ", end="")
                for x in range(3):
                    num = sod[(cy * 3 + y) * 9 + (cx * 3 + x)]
                    if num == 0:
                        print("-", end=" ")
                    else:
                        print(num, end=" ")
            print("|")
        print("+-------+-------+-------+")


print_sod(sod)

t1 = time.time()
for n in range(10000):
    sod = [3, 4, 0, 7, 1, 0, 0, 5, 8,
           0, 9, 0, 0, 0, 6, 0, 0, 0,
           7, 0, 2, 0, 5, 0, 3, 0, 4,
           4, 3, 9, 0, 0, 1, 7, 0, 0,
           0, 0, 5, 0, 0, 0, 8, 0, 0,
           0, 0, 7, 3, 0, 0, 1, 4, 6,
           2, 0, 1, 0, 8, 0, 4, 0, 9,
           0, 0, 0, 5, 0, 0, 0, 1, 0,
           6, 7, 0, 0, 4, 9, 0, 0, 2]
    changes = True
    while changes:
        changes = False
        for x in r1:
            if sod[x] == 0:
                res = [0, 0, 0, 0, 0, 0, 0, 0, 0]
                for z in r2:
                    ix = x*9+z
                    if sod[arrc3[ix]] != 0:
                        res[sod[arrc3[ix]]-1] = 1
                    if sod[arrc2[ix]] != 0:
                        res[sod[arrc2[ix]]-1] = 1
                    if sod[arrc1[ix]] != 0:
                        res[sod[arrc1[ix]]-1] = 1
                if sum(res) == 8:
                    sod[x] = res.index(0)+1
                    changes = True
                elif sum(res) == 9:
                    print("Sudoku is not solvable!")
                    break
t2 = time.time()
print(f"Solved in: {t2-t1}s")
print_sod(sod)
